00100000000010000000000000000001
00100000000010010000000000000010
00100000000010100000000000000011
00100000000010110000000000000100
00100000000011000000000000000101
00100000000011010000000000000110
00100000000011100000000000000111
00100000000011110000000000001000
00100000000100000000000000001001
00100000000100010000000000001010
00100000000100100000000000001011
00100000000100110000000000001100
00100000000101000000000000001101
00100000000101010000000000001110
00100000000101100000000000001111
00100000000101110000000000010000
00100000000110000000000000000000
00100000000110010000000000000111
00010011000110010000000000000011 
00000010000010001000000000100000
00100011000110000000000000000001
00010011000110010000000000000011 
00000010001010011000100000100000
00100011000110000000000000000001
00010011000110010000000000000011 
00000010010010101001000000100000
00100011000110000000000000000001
00010011000110010000000000000011 
00000010011010111001100000100000
00100011000110000000000000000001
00010011000110010000000000000011
00000010100011001010000000100000
00100011000110000000000000000001
00010011000110010000000000000011
00000010101011011010100000100000
00100011000110000000000000000001
00010011000110010000000000000011
00000010110011101011000000100000
00100011000110000000000000000001
00000010111011111011100000100000
00100011000110000000000000000001
00000011001110011100100000100010

